24 - количество ванн                                             
Расстояние между ваннами в мм: 
 1011
 1011
 1011
 1011
 1011
 1011
 1011
 1011
 1011
 1011
 1011
 1011
 1011
 1011
 1011
 1011
 1011
 1011
 1011
 1011
 1011
 1011
 1011
Информация о позициях: цвет и список выполняемых в ванне операций. 0 - признак конца списка.
 2 1  0  1
 2 2  0  2
 2 3  0  3
 1 4  0  4
 2 5 7  0  5
 2 6  0  6
 1 8  0  7
 1 9  0  8
 4 10  0  9
 5 11  0 10
 1 12  0 11
 1 13  0 12
 1 13  0 13
 0 14  0 14
 1 15  0 15
 3 16  0 16
 2 17  0 17
 2 18  0 18
 2 19  0 19
 2 20  0 20
 2 21  0 21
 2 22  0 22
 2 24  0 23
 2 23 25  0 24
