 24   - количество ванн
Расстояния между ванными в мм:
1011
1011
1011
1011
1011
1011
1011
1011
1011
1011
1011
1011
1011
1011
1011
1011
1011
1011
1011
1011
1011
1011
1011
Информация о позициях:  цвет и список выполняемых в ванне операций. 0 - признак
0  1  0     1     конца списка.
2  2  0     2    
2  3  0     3    
1  4  0     4    
1  5  7  0  5    
2  6  0     6 ?  
1  8  0     7    
3  9  0     8    
5 10  0     9    
1 11  0    10    
1 12  0    11    
0 13  0    12    
0 13  0    12    
2 14  0    14 ?  
1 15  0    15    
3 16  0    16    
5 17  0    17    
1 18  0    18    
3 19  0    19    
5 20  0    20    
1 21  0    21    
1 22  0    22
4 24  0    23    
0 23 25  0 24    
